memory 3 GB
molecule mol {
0 1
C -4.64327687048429 2.47587702421151 0.48908266545007
C -5.81231608744686 1.50691509309158 0.38963837214659
C -5.44346031362937 0.31387297782060 -0.56801125941760
C -3.88993012385668 0.10134099301742 -0.64866095410847
C -3.09547328038073 0.36018877451711 0.66753155262293
C -3.36025966158213 1.85218916826004 1.08497452317955
C -3.48951585210501 -1.23722781229455 -1.27466810963616
C -2.01520025700279 -1.19776061489049 -1.67981168098504
C -1.12417912009694 -0.57962995892857 -0.62968725546883
C -1.58840808723163 0.12843709087673 0.42253836976529
C -6.21477845862923 -0.96029603197897 -0.17400298790178
C -5.91828028003071 0.72594444831287 -1.98032655962337
C -0.65961025291449 0.66201035308821 1.51526979264000
C 0.86500993858479 0.43802496891779 1.32816250582561
C 1.12795442007668 -0.82000104185004 0.50611206382729
C 0.37525797350261 -0.68752695116651 -0.85960453889913
C 2.58622111655551 -1.04167382582774 0.04545539688575
C 2.43505662701480 -1.98995225869320 -1.18964731540214
C 0.93796363341064 -1.90556286494863 -1.63385718373351
C 3.61043474348452 -1.43918249769990 1.14513211877972
C 4.96691364728063 -0.74467604732016 0.89160433675987
C 4.95077904840794 0.76248064586047 1.23168131279737
C 6.20039865954302 1.47592569508463 0.78283044443656
C 6.40635804536575 2.02801785616937 -0.42411807010446
C 3.82667962821991 -2.95128559019111 1.32353110612913
C 7.71722475230592 2.68896860915262 -0.77577374514757
C 5.38013391810524 2.03822525540500 -1.53196189134628
O -6.17592946138909 1.13799611911061 1.73739417644948
C 0.76365214577845 0.58281265875033 -1.67432258133993
C 0.62898595543242 -2.04508775459525 1.30964290685090
H 3.21951127136055 -1.04825432542394 2.09791815086236
H -3.52571774988729 0.87723713791223 -1.34134150498084
C -3.53441874882347 -0.58908465808695 1.81186257119016
H -4.94019774948875 3.35006556215735 1.08169002342102
H -4.43655808520081 2.83137629907862 -0.52896406255736
H -6.67590462588006 2.03004285595645 -0.05549379597060
H -3.39349665882829 1.92050656373761 2.17839014519992
H -2.52469632072122 2.47964672390883 0.75230984663746
H -4.11057360788734 -1.45694909655387 -2.15235304735862
H -3.65477484065962 -2.05026165459727 -0.55701016051277
H -1.65984718215716 -2.21372594287452 -1.90109176520041
H -1.90477346484426 -0.63341615507402 -2.62223221367345
H -5.89345018143140 -1.35862820360579 0.79186644376870
H -7.29376958196438 -0.74636664679824 -0.12521679089743
H -6.07508326864342 -1.74064297632583 -0.93038173367748
H -5.48742961051184 1.69464477962023 -2.26703813911684
H -5.61354220158790 -0.01689329876117 -2.72762950611973
H -7.01297840218082 0.81322624214060 -2.00901905759627
H -0.96262923145298 0.18530708679827 2.45833172567960
H -0.83789904069725 1.73288637720333 1.67222128107834
H 1.32027730605731 1.30091450764791 0.82742464139562
H 1.34189000456843 0.36111707411415 2.31539883583862
H 2.91927299259200 -0.07127049483271 -0.33849147591611
H 3.10979357931052 -1.68266768055539 -1.99739445828857
H 2.69138360883990 -3.02295308540934 -0.93729073325679
H 0.40660767133879 -2.82095129952798 -1.35047210426462
H 0.83051384089598 -1.78926257299805 -2.71892430710402
H 5.24452612782215 -0.87403943803325 -0.16495198851241
H 5.75531639124928 -1.23134541280016 1.48420189436887
H 4.06420951159926 1.22620251305750 0.78153134454689
H 4.83212505665819 0.86877293836944 2.31978043531599
H 7.02527330126555 1.50460769312330 1.49867999341377
H 4.43891838489815 -3.13507407756769 2.21651824273811
H 4.36056979032086 -3.37281896035606 0.46115606735078
H 2.88196589550450 -3.49336925176178 1.43609929801076
H 8.42346850192231 2.65730971148457 0.06295019550724
H 8.18386011893986 2.19622614405757 -1.64351748305528
H 7.56049956332675 3.74178653450125 -1.05970402478413
H 4.45298698386263 1.52318339176167 -1.26120031043054
H 5.78933848903496 1.55250949001368 -2.43143702737500
H 5.13203933556664 3.07176408177450 -1.82041267048205
H -6.95707040597781 0.57282845958296 1.67891808059607
H 0.54041106152624 1.50084569348358 -1.12213962032510
H 0.16787448819533 0.59394755799624 -2.59633021583245
H 1.82093507052042 0.58722525848707 -1.96673696022829
H -0.44192686872429 -1.97071276016148 1.51969239223849
H 1.16902951714430 -2.09485995109218 2.26298533913688
H 0.80626594253494 -2.98355898801602 0.77491534509749
H -4.56163007627966 -0.38100187303312 2.11545734956855
H -2.89872429429436 -0.43705206920706 2.69183100912134
H -3.44017735549153 -1.63838398361660 1.50851709295842
units angstrom
no_reorient
no_com
}
set basis def2-TZVP
set scf_type disk_df
set freeze_core true
set e_convergence 8
energy('b3lyp-d3bj')
