memory 3 GB
molecule mol {
0 1
C 11.77011626405253 1.41797389954494 -0.37769657343514
C 13.25607805894702 1.13450491955844 -0.50251766413545
C 10.84194193013824 0.28189558003120 -0.19942238565162
C 9.49290702619837 0.33848807595253 0.47820096585769
C 8.47297459848368 -0.58119555881178 -0.23187508353255
C 7.10558029550287 -0.56355635990051 0.41592037055521
C 6.05178577043645 -0.03755709733560 -0.23058578347565
C 4.62860117137706 0.05571579586494 0.24448118273900
C 3.70912173657325 -0.96074213154282 -0.48804186542388
C 2.25817893947839 -0.85932113910219 -0.07106039507549
C 1.32591690581791 -0.42485436992160 -0.93575123345198
C -0.15052768932701 -0.26520838097672 -0.70460684998332
C -0.98249023009772 -1.29431270813979 -1.52074919193765
C -2.45983792542089 -1.08253172316750 -1.34477000444200
C -3.33812216321400 -1.85493346804636 -0.68252745156871
C -4.78804096007158 -1.43698069821912 -0.56617166004142
C -5.21572162949257 -1.11107472116983 0.89221693664136
C -6.65798852705553 -0.69641465070201 0.96822213132472
C -7.16021259150329 0.52938796260804 1.19523391489000
C -8.65601888542737 0.75850954607928 1.17365081643536
C -9.12230445216629 1.63335288420165 -0.02343029840310
C -10.60929234654406 1.85502106804185 -0.01037779906014
C -11.53589408114817 1.27478940922397 -0.79093544378036
C -13.00322017664623 1.59520598658468 -0.62799805566447
C 11.43781418767301 2.81636500001765 0.10574369237772
C 7.04795629931566 -1.15797831785784 1.80339307193760
C 1.98018615938413 -1.25923861082143 1.35908950325585
C -11.23851840184814 0.27228328078671 -1.87945966652356
H 11.91434205394298 3.55547014747945 -0.55262476101385
H 13.42467844703976 0.11482929201901 -0.86748113847940
H 10.35967506451873 2.99902628701728 0.10374169274893
H 11.82449036020397 2.96814908939600 1.12321722039289
H 13.71720112627775 1.84060056940718 -1.20682161414161
H 13.75107942386062 1.25101421110683 0.47168936672188
H 11.29973859745889 -0.71603444931565 -0.17769258763221
H 7.62086735869864 -0.54785236099117 2.51784492102297
H 6.02707717198313 -1.25495701101996 2.18506534476225
H 7.50987116656941 -2.15710504707064 1.80333207209297
H 0.91175343535353 -1.32848320573662 1.58485328745802
H 2.44067662658068 -2.23610624097645 1.57149368858753
H 2.42887522757929 -0.54101806165449 2.06159765388357
H -5.06365904049824 -2.00723545734008 1.51132279264734
H -4.97528124658192 -0.55249396057839 -1.18910131564770
H -2.84520839816401 -0.15889788847594 -1.78645767289589
H -0.71687924898223 -1.18332511619859 -2.58388061655270
H -0.41142417087352 -0.36494787419977 0.35520747491112
H 1.65973148232259 -0.18474858681976 -1.94944956150190
H 3.80031153003319 -0.80356534273187 -1.57148008820404
H 6.22574305806511 0.34007487573316 -1.24187001196873
H -13.41995944734779 2.00154575772704 -1.56319698897814
H -13.17245506461934 2.32501193466989 0.17323048760082
H -13.57848823577747 0.68445465146956 -0.39816687148310
H -11.79078166285884 -0.66188705321054 -1.69318907978936
H -10.17536957735723 0.02730529801527 -1.96356406076848
H -11.58506727761793 0.64996115362839 -2.85419659744786
H 9.61844531712275 0.02507959824576 1.52513799192932
H 4.55771967629961 -0.10264219268226 1.32617690592776
O 10.96982652084767 0.93049633388181 -1.48978349419044
C -2.99224228756203 -3.15541747574542 0.00246739987306
H -3.12629957803362 -3.06892078192804 1.09083082259554
H -3.67227223912875 -3.95303271922560 -0.33409717618568
H -1.96399066068129 -3.47931975291955 -0.18398068718547
C -6.32968345050661 1.76224357467084 1.46012569654992
H -6.45615724154234 2.49642992258867 0.65086345369070
H -6.66706212654521 2.25462833978430 2.38517013088620
H -5.26069682663500 1.54891918985769 1.55373278950130
H -7.37569297603880 -1.49947979343787 0.77702594459021
H -9.18352664806690 -0.20315318553217 1.12529372023532
H -10.96569942121223 2.54921001897435 0.75567144645726
H -8.61315798831389 2.60634241482440 0.03102649756286
H 8.39802090378972 -0.26615398096432 -1.28012810929726
H 4.23924579896944 1.06571432429369 0.04561129672550
H -0.46233476725390 0.74643804709178 -1.00925482859749
H 8.86936857020297 -1.61035618566750 -0.22421288433270
H 4.08815850950449 -1.97244205995652 -0.27271228051817
H 9.10415895343330 1.36267630343377 0.48150006561546
H -0.67441895224684 -2.30307823673346 -1.22343561317086
H -5.43796151363681 -2.24417314061941 -0.94233493298277
H -4.54632337727013 -0.33601547638420 1.28366280880370
H -8.96942466327200 1.25524611111382 2.10639775052033
H -8.79050767599274 1.15438151781817 -0.95235283227165
units angstrom
no_reorient
no_com
}
set basis def2-TZVP
set scf_type disk_df
set freeze_core true
set e_convergence 8
energy('b3lyp-d3bj')
